   1.0000000000000000        2.8154981327056881     
   2.0000000000000000        2.7877129650115968     
   3.0000000000000000        2.7716212129592894     
   4.0000000000000000        2.7704416704177857     
   5.0000000000000000        2.7741912460327147     
   6.0000000000000000        2.8207900905609127     
   7.0000000000000000        2.8095447635650630     
   8.0000000000000000        2.7782449579238890     
   9.0000000000000000        2.7971875858306885     
   10.000000000000000        2.7804614448547365     
   11.000000000000000        2.7970278501510619     
   12.000000000000000        2.7942713546752929     
   13.000000000000000        2.7843552160263063     
   14.000000000000000        2.7883595371246339     
   15.000000000000000        2.7972238445281983     
   16.000000000000000        2.8200671482086177     
   17.000000000000000        2.8249158859252925     
   18.000000000000000        2.7794863986968994     
   19.000000000000000        2.8108698177337641     
   20.000000000000000        2.7948495578765868     
   21.000000000000000        2.7671212196350097     
   22.000000000000000        2.7977951383590698     
   23.000000000000000        2.7976829290390013     
   24.000000000000000        2.7776691293716431     
   25.000000000000000        2.7654519224166871     
   26.000000000000000        2.8236998128890987     
   27.000000000000000        2.8170374870300288     
   28.000000000000000        2.8011412477493285     
   29.000000000000000        2.8197147035598751     
   30.000000000000000        2.8282514429092402     
   31.000000000000000        2.8056050395965575     
   32.000000000000000        2.8190821313858030     
   33.000000000000000        2.8166684770584101     
   34.000000000000000        2.7819478416442873     
   35.000000000000000        2.8145318746566770     
   36.000000000000000        2.7453840589523315     
   37.000000000000000        2.7774606227874754     
   38.000000000000000        2.7931004285812380     
   39.000000000000000        2.8271692991256709     
   40.000000000000000        2.8086387109756465     
   41.000000000000000        2.8599164724349970     
   42.000000000000000        2.7941082906723023     
   43.000000000000000        2.8265759038925169     
   44.000000000000000        2.8519158363342281     
   45.000000000000000        2.8124922943115229     
   46.000000000000000        2.7711541223526002     
   47.000000000000000        2.7849817085266113     
   48.000000000000000        2.7884315776824953     
   49.000000000000000        2.8060598850250242     
   50.000000000000000        2.7851775979995730     
   51.000000000000000        2.7856532573699950     
   52.000000000000000        2.7711656141281127     
   53.000000000000000        2.7784231615066530     
   54.000000000000000        2.7889850187301635     
   55.000000000000000        2.8246012401580809     
   56.000000000000000        2.8354316902160641     
   57.000000000000000        2.8216207075119013     
   58.000000000000000        2.7901530933380125     
   59.000000000000000        2.8278315496444697     
   60.000000000000000        2.8292929267883298     
   61.000000000000000        2.7928197813034057     
   62.000000000000000        2.7967977619171140     
   63.000000000000000        2.8002505826950070     
   64.000000000000000        2.8120613574981688     
   65.000000000000000        2.7528689146041869     
   66.000000000000000        2.8041374588012693     
   67.000000000000000        2.8042092275619503     
   68.000000000000000        2.7537821292877198     
   69.000000000000000        2.7968024444580077     
   70.000000000000000        2.7941527700424196     
   71.000000000000000        2.7720394372940063     
   72.000000000000000        2.7798856687545777     
   73.000000000000000        2.7512531566619871     
   74.000000000000000        2.8025480794906614     
   75.000000000000000        2.7960838270187378     
   76.000000000000000        2.8396111774444575     
   77.000000000000000        2.8001207113265991     
   78.000000000000000        2.7896972894668579     
   79.000000000000000        2.7980245351791382     
   80.000000000000000        2.7934891557693482     
   81.000000000000000        2.8312728261947626     
   82.000000000000000        2.7730616760253906     
   83.000000000000000        2.7968671560287475     
   84.000000000000000        2.7713812303543093     
   85.000000000000000        2.7938373804092405     
   86.000000000000000        2.7830139446258544     
   87.000000000000000        2.7859659814834594     
   88.000000000000000        2.7703354263305666     
   89.000000000000000        2.7915531110763552     
   90.000000000000000        2.8210649824142453     
   91.000000000000000        2.7575960206985473     
   92.000000000000000        2.7866654539108278     
   93.000000000000000        2.8014468955993652     
   94.000000000000000        2.8019224500656126     
   95.000000000000000        2.7918724632263183     
   96.000000000000000        2.8041311454772946     
   97.000000000000000        2.8059267282485960     
   98.000000000000000        2.8154621505737301     
   99.000000000000000        2.7899065113067629     
   100.00000000000000        2.8459726715087887     
   101.00000000000000        2.2929932403564450     
   102.00000000000000        2.2723308563232418     
   103.00000000000000        2.3051204872131348     
   104.00000000000000        2.2883773803710934     
   105.00000000000000        2.2800218105316161     
   106.00000000000000        2.3197538471221923     
   107.00000000000000        2.2945334148406982     
   108.00000000000000        2.2857069873809812     
   109.00000000000000        2.2322969055175781     
   110.00000000000000        2.2839689636230465     
   111.00000000000000        2.3612510395050048     
   112.00000000000000        2.3179244899749754     
   113.00000000000000        2.3315249538421630     
   114.00000000000000        2.2924599647521973     
   115.00000000000000        2.2369778919219967     
   116.00000000000000        2.2525635719299313     
   117.00000000000000        2.2968699073791501     
   118.00000000000000        2.3499056911468506     
   119.00000000000000        2.3534576892852783     
   120.00000000000000        2.3454206371307373     
   121.00000000000000        2.2442577075958248     
   122.00000000000000        2.2944969177246093     
   123.00000000000000        2.3515757942199706     
   124.00000000000000        2.3584153842926026     
   125.00000000000000        2.2485615062713622     
   126.00000000000000        2.3364559078216551     
   127.00000000000000        2.3598526382446288     
   128.00000000000000        2.2009431457519528     
   129.00000000000000        2.1812125778198239     
   130.00000000000000        2.2513160324096679     
   131.00000000000000        2.2935379028320311     
   132.00000000000000        2.3707615947723388     
   133.00000000000000        2.2027055454254150     
   134.00000000000000        2.3287707996368407     
   135.00000000000000        2.2490229701995847     
   136.00000000000000        2.3031754398345945     
   137.00000000000000        2.3505154418945313     
   138.00000000000000        2.4118445968627928     
   139.00000000000000        2.2425627231597898     
   140.00000000000000        2.3939716529846189     
   141.00000000000000        2.3446134567260741     
   142.00000000000000        2.2885419750213623     
   143.00000000000000        2.2371349620819090     
   144.00000000000000        2.3058897686004638     
   145.00000000000000        2.3080084037780759     
   146.00000000000000        2.3992198467254640     
   147.00000000000000        2.3117437934875484     
   148.00000000000000        2.3228407382965086     
   149.00000000000000        2.2917928123474121     
   150.00000000000000        2.2619900894165035     
   151.00000000000000        2.2734789943695066     
   152.00000000000000        2.2614281177520752     
   153.00000000000000        2.2889600753784176     
   154.00000000000000        2.3090438842773438     
   155.00000000000000        2.3267513275146481     
   156.00000000000000        2.3191011142730713     
   157.00000000000000        2.3106690692901610     
   158.00000000000000        2.2274540424346920     
   159.00000000000000        2.3254452419281004     
   160.00000000000000        2.3432287406921386     
   161.00000000000000        2.2947670269012450     
   162.00000000000000        2.2772714042663571     
   163.00000000000000        2.1691247463226317     
   164.00000000000000        2.2894569301605223     
   165.00000000000000        2.2949096107482907     
   166.00000000000000        2.2938380146026609     
   167.00000000000000        2.3853805160522459     
   168.00000000000000        2.2479262256622312     
   169.00000000000000        2.3139339923858642     
   170.00000000000000        2.3278044986724851     
   171.00000000000000        2.3589049434661864     
   172.00000000000000        2.3907804965972899     
   173.00000000000000        2.3031731319427489     
   174.00000000000000        2.2699124813079834     
   175.00000000000000        2.2967267704010008     
   176.00000000000000        2.2603830909729004     
   177.00000000000000        2.1720449542999263     
   178.00000000000000        2.3156039619445798     
   179.00000000000000        2.2947647571563721     
   180.00000000000000        2.3494664669036864     
   181.00000000000000        2.2643700027465816     
   182.00000000000000        2.2478471946716305     
   183.00000000000000        2.2873073959350583     
   184.00000000000000        2.2646107673645020     
   185.00000000000000        2.3160362815856934     
   186.00000000000000        2.3702440452575684     
   187.00000000000000        2.2427877807617187     
   188.00000000000000        2.3554984092712403     
   189.00000000000000        2.2671495914459228     
   190.00000000000000        2.2297861766815181     
   191.00000000000000        2.3099399662017821     
   192.00000000000000        2.2536387825012203     
   193.00000000000000        2.3160843849182129     
   194.00000000000000        2.2966638469696044     
   195.00000000000000        2.3542242717742918     
   196.00000000000000        2.3821967029571534     
   197.00000000000000        2.3487399768829342     
   198.00000000000000        2.2694477081298827     
   199.00000000000000        2.3156530475616455     
   200.00000000000000        2.2699541664123535     
   201.00000000000000        2.2692669677734374     
   202.00000000000000        2.2862398052215576     
   203.00000000000000        2.3082620048522946     
   204.00000000000000        2.3524115276336670     
   205.00000000000000        2.2954239654541015     
   206.00000000000000        2.2546608924865721     
   207.00000000000000        2.2932218265533444     
   208.00000000000000        2.2447965049743650     
   209.00000000000000        2.2815763473510740     
   210.00000000000000        2.2828455734252926     
   211.00000000000000        2.2426929759979246     
   212.00000000000000        2.3384110832214353     
   213.00000000000000        2.3233777904510498     
   214.00000000000000        2.2680486965179441     
   215.00000000000000        2.2779535293579101     
   216.00000000000000        2.3299279594421387     
   217.00000000000000        2.2896983528137205     
   218.00000000000000        2.3370300769805907     
   219.00000000000000        2.3147652244567869     
   220.00000000000000        2.3298527526855466     
   221.00000000000000        2.3198992252349853     
   222.00000000000000        2.2614093780517575     
   223.00000000000000        2.2838859081268308     
   224.00000000000000        2.3418977451324463     
   225.00000000000000        2.3251653194427488     
   226.00000000000000        2.3102458000183104     
   227.00000000000000        2.3003979015350340     
   228.00000000000000        2.2871932888031004     
   229.00000000000000        2.3000315761566159     
   230.00000000000000        2.2933399105072021     
   231.00000000000000        2.3108761405944822     
   232.00000000000000        2.3368362712860105     
   233.00000000000000        2.2724049377441404     
   234.00000000000000        2.3708564376831052     
   235.00000000000000        2.2875755500793455     
   236.00000000000000        2.3214919376373291     
   237.00000000000000        2.2921765518188475     
   238.00000000000000        2.3095765113830566     
   239.00000000000000        2.3106569480895995     
   240.00000000000000        2.3186026859283446     
   241.00000000000000        2.3579366302490232     
   242.00000000000000        2.3141160297393797     
   243.00000000000000        2.3121644210815426     
   244.00000000000000        2.2459208679199216     
   245.00000000000000        2.2498362159729002     
   246.00000000000000        2.3345220947265624     
   247.00000000000000        2.3083170032501217     
   248.00000000000000        2.3419946575164792     
   249.00000000000000        2.3150243186950683     
   250.00000000000000        2.2933173084259031     
   251.00000000000000        2.1120541453361512     
   252.00000000000000        2.0855220460891721     
   253.00000000000000        2.1012510299682616     
   254.00000000000000        2.1026427292823793     
   255.00000000000000        2.0778710842132568     
   256.00000000000000        2.1018024492263794     
   257.00000000000000        2.1077117466926576     
   258.00000000000000        2.0886719393730164     
   259.00000000000000        2.0944114923477173     
   260.00000000000000        2.1028085422515868     
   261.00000000000000        2.1004637193679812     
   262.00000000000000        2.0888584709167479     
   263.00000000000000        2.1112097668647767     
   264.00000000000000        2.0986956667900087     
   265.00000000000000        2.0866507458686829     
   266.00000000000000        2.1140943956375122     
   267.00000000000000        2.0750479125976566     
   268.00000000000000        2.1031769514083862     
   269.00000000000000        2.0869440197944642     
   270.00000000000000        2.1013412714004516     
   271.00000000000000        2.1046085119247437     
   272.00000000000000        2.0995728802680969     
   273.00000000000000        2.0851493978500364     
   274.00000000000000        2.0929858970642092     
   275.00000000000000        2.0855959796905519     
   276.00000000000000        2.1018181395530702     
   277.00000000000000        2.0916092300415041     
   278.00000000000000        2.0951063108444217     
   279.00000000000000        2.0987273120880130     
   280.00000000000000        2.0896474790573123     
   281.00000000000000        2.1000125527381899     
   282.00000000000000        2.0919557571411134     
   283.00000000000000        2.1003859686851500     
   284.00000000000000        2.1027669644355775     
   285.00000000000000        2.1063816046714785     
   286.00000000000000        2.0857793784141538     
   287.00000000000000        2.0813567423820496     
   288.00000000000000        2.0907280921936038     
   289.00000000000000        2.1115376639366152     
   290.00000000000000        2.0976814293861392     
   291.00000000000000        2.0980258536338807     
   292.00000000000000        2.0942949008941651     
   293.00000000000000        2.0974259781837463     
   294.00000000000000        2.0982587051391604     
   295.00000000000000        2.0851170992851258     
   296.00000000000000        2.0711557626724244     
   297.00000000000000        2.1040320992469788     
   298.00000000000000        2.1047475290298463     
   299.00000000000000        2.1053156399726869     
   300.00000000000000        2.1015585589408876     
   301.00000000000000        2.4927260851860047     
   302.00000000000000        2.4898175406455993     
   303.00000000000000        2.5060130441188813     
   304.00000000000000        2.4994735038280487     
   305.00000000000000        2.4846667623519898     
   306.00000000000000        2.5091265702247618     
   307.00000000000000        2.4823653841018678     
   308.00000000000000        2.4986063277721406     
   309.00000000000000        2.4930119585990909     
   310.00000000000000        2.4977484714984892     
   311.00000000000000        2.5088488328456879     
   312.00000000000000        2.4757703828811644     
   313.00000000000000        2.5164374780654906     
   314.00000000000000        2.4998545956611635     
   315.00000000000000        2.5006446850299837     
   316.00000000000000        2.5093180012702940     
   317.00000000000000        2.5019899237155916     
   318.00000000000000        2.4987281823158263     
   319.00000000000000        2.4910204792022705     
   320.00000000000000        2.4854238998889926     
   321.00000000000000        2.5034844219684600     
   322.00000000000000        2.5029466176033019     
   323.00000000000000        2.5205922448635101     
   324.00000000000000        2.4843228602409364     
   325.00000000000000        2.4988107049465178     
   326.00000000000000        2.4954544746875764     
   327.00000000000000        2.5056083989143372     
   328.00000000000000        2.4971910333633422     
   329.00000000000000        2.4851042377948760     
   330.00000000000000        2.5002824115753173     
   331.00000000000000        2.4933227229118349     
   332.00000000000000        2.5068853628635406     
   333.00000000000000        2.4934209990501404     
   334.00000000000000        2.5067643272876738     
   335.00000000000000        2.4962546384334563     
   336.00000000000000        2.5275103592872621     
   337.00000000000000        2.4810479652881625     
   338.00000000000000        2.4853644263744354     
   339.00000000000000        2.4922940170764925     
   340.00000000000000        2.5020702397823333     
   341.00000000000000        2.5051284408569336     
   342.00000000000000        2.5030905914306638     
   343.00000000000000        2.5169755864143371     
   344.00000000000000        2.4806629252433776     
   345.00000000000000        2.4835252749919894     
   346.00000000000000        2.5156008434295654     
   347.00000000000000        2.5021776783466341     
   348.00000000000000        2.5052143323421476     
   349.00000000000000        2.4699933946132662     
   350.00000000000000        2.5022811007499692     
   351.00000000000000        2.5059947013854980     
   352.00000000000000        2.5143766081333161     
   353.00000000000000        2.5037067806720734     
   354.00000000000000        2.4814330339431763     
   355.00000000000000        2.5147346651554106     
   356.00000000000000        2.4638717496395111     
   357.00000000000000        2.4995326089859007     
   358.00000000000000        2.5097508883476256     
   359.00000000000000        2.5201745426654814     
   360.00000000000000        2.5104374086856840     
   361.00000000000000        2.5080750942230221     
   362.00000000000000        2.4827359545230867     
   363.00000000000000        2.5127611708641049     
   364.00000000000000        2.5015434682369233     
   365.00000000000000        2.4867929708957672     
   366.00000000000000        2.5277054560184480     
   367.00000000000000        2.5215104436874389     
   368.00000000000000        2.4990996074676515     
   369.00000000000000        2.5032792079448698     
   370.00000000000000        2.4842971539497376     
   371.00000000000000        2.4925529718399049     
   372.00000000000000        2.5173594427108763     
   373.00000000000000        2.4999660360813141     
   374.00000000000000        2.5074196946620941     
   375.00000000000000        2.4964935588836670     
